0.983972802704,-0.0441290216922,0.172771968165,0.177866245396,0.173919267423,-0.968563723855,0.0126933954459,0.983770663246,0.178980892412,0.234435798004,0.0102866113634,0.0952616290142
0.997784548121,0.00792522474055,-0.0660544195643,0.00898274608462,-0.999835952711,0.0157282528689,-0.0659189335771,-0.0162867577602,-0.997692054553,0.360322949158,0.0348066219315,0.0117786695593
0.570003413032,-0.154183423859,0.807046207438,0.821544269559,0.091775562888,-0.562709746861,0.0126933954459,0.983770663246,0.178980892412,0.266978532416,0.00148394439922,0.141337652045
