play_go_rainbow_stakin_cups_10_blue,-0.827475941526,0.556023262232,0.0782412810038,0.558345979477,0.82955001461,0.00982550064607,-0.0594418488775,0.0518160700757,-0.996886032345,0.0015324286258,-0.014724225927,0.0825603365152,True,x
play_go_rainbow_stakin_cups_10_blue,-0.827475941526,0.556023262232,0.0782412810038,0.558345979477,0.82955001461,0.00982550064607,-0.0594418488775,0.0518160700757,-0.996886032345,0.0154398850551,0.00593846550126,0.0828050731609,True,x
play_go_rainbow_stakin_cups_10_blue,0.827475941526,-0.556023262232,-0.0782412810038,-0.560185418187,-0.807949519757,-0.182783672072,0.0384169682158,0.195078715862,-0.980034913241,0.0154398850551,0.00593846550126,0.0828050731609,False,x
play_go_rainbow_stakin_cups_10_blue,-0.827475941526,0.556023262232,0.0782412810038,0.558345979477,0.82955001461,0.00982550064607,-0.0594418488775,0.0518160700757,-0.996886032345,-0.0192842242896,-0.000736455791423,0.0845286373546,True,x
play_go_rainbow_stakin_cups_10_blue,-0.827475941526,0.556023262232,0.0782412810038,0.558345979477,0.82955001461,0.00982550064607,-0.0594418488775,0.0518160700757,-0.996886032345,-0.00537676786029,0.0199262356368,0.0847733740003,False,x
play_go_rainbow_stakin_cups_10_blue,0.827475941526,-0.556023262232,-0.0782412810038,-0.558345979477,-0.82955001461,-0.00982550064607,-0.0594418488775,0.0518160700757,-0.996886032345,-0.0178667596095,0.0283188977182,0.0859543545039,True,x
play_go_rainbow_stakin_cups_10_blue,0.827475941526,-0.556023262232,-0.0782412810038,-0.560185418187,-0.807949519757,-0.182783672072,0.0384169682158,0.195078715862,-0.980034913241,-0.0178667596095,0.0283188977182,0.0859543545039,True,x
play_go_rainbow_stakin_cups_10_blue,0.827475941526,-0.556023262232,-0.0782412810038,-0.558345979477,-0.82955001461,-0.00982550064607,-0.0594418488775,0.0518160700757,-0.996886032345,0.0320932073875,-0.00525175060719,0.0812304324893,False,x
play_go_rainbow_stakin_cups_10_blue,0.827475941526,-0.556023262232,-0.0782412810038,-0.560185418187,-0.807949519757,-0.182783672072,0.0384169682158,0.195078715862,-0.980034913241,0.0320932073875,-0.00525175060719,0.0812304324893,False,x
play_go_rainbow_stakin_cups_10_blue,-0.827475941526,0.556023262232,0.0782412810038,0.558345979477,0.82955001461,0.00982550064607,-0.0594418488775,0.0518160700757,-0.996886032345,-0.040100877205,0.0132513143441,0.0864969381941,False,x
play_go_rainbow_stakin_cups_10_blue,0.827475941526,-0.556023262232,-0.0782412810038,-0.558345979477,-0.82955001461,-0.00982550064607,-0.0594418488775,0.0518160700757,-0.996886032345,-0.040100877205,0.0132513143441,0.0864969381941,True,x
play_go_rainbow_stakin_cups_10_blue,-0.827475941526,0.556023262232,0.0782412810038,0.558345979477,0.82955001461,0.00982550064607,-0.0594418488775,0.0518160700757,-0.996886032345,0.0223490815412,-0.0287119960625,0.0805920356758,False,x
play_go_rainbow_stakin_cups_10_blue,-0.827475941526,0.556023262232,0.0782412810038,0.558345979477,0.82955001461,0.00982550064607,-0.0594418488775,0.0518160700757,-0.996886032345,-0.0261934207757,0.0339140057724,0.0867416748397,False,x
play_go_rainbow_stakin_cups_10_blue,0.827475941526,-0.556023262232,-0.0782412810038,-0.558345979477,-0.82955001461,-0.00982550064607,-0.0594418488775,0.0518160700757,-0.996886032345,-0.0261934207757,0.0339140057724,0.0867416748397,True,x
play_go_rainbow_stakin_cups_10_blue,-0.827475941526,0.556023262232,0.0782412810038,0.558345979477,0.82955001461,0.00982550064607,-0.0594418488775,0.0518160700757,-0.996886032345,0.0362565379705,-0.00804930463431,0.0808367723214,True,x
play_go_rainbow_stakin_cups_10_blue,0.827475941526,-0.556023262232,-0.0782412810038,-0.558345979477,-0.82955001461,-0.00982550064607,-0.0594418488775,0.0518160700757,-0.996886032345,0.0362565379705,-0.00804930463431,0.0808367723214,False,x
play_go_rainbow_stakin_cups_10_blue,-0.827475941526,0.556023262232,0.0782412810038,0.558345979477,0.82955001461,0.00982550064607,-0.0594418488775,0.0518160700757,-0.996886032345,0.00853068856903,0.0405889270651,0.0850181106459,False,x
play_go_rainbow_stakin_cups_10_blue,0.827475941526,-0.556023262232,-0.0782412810038,-0.558345979477,-0.82955001461,-0.00982550064607,-0.0594418488775,0.0518160700757,-0.996886032345,0.00853068856903,0.0405889270651,0.0850181106459,False,x
play_go_rainbow_stakin_cups_10_blue,-0.827475941526,0.556023262232,0.0782412810038,0.558345979477,0.82955001461,0.00982550064607,-0.0594418488775,0.0518160700757,-0.996886032345,0.0293473414844,0.0266011569295,0.0830498098065,False,x
play_go_rainbow_stakin_cups_10_blue,0.827475941526,-0.556023262232,-0.0782412810038,-0.558345979477,-0.82955001461,-0.00982550064607,-0.0594418488775,0.0518160700757,-0.996886032345,0.0293473414844,0.0266011569295,0.0830498098065,True,x
play_go_rainbow_stakin_cups_10_blue,0.0594418488775,-0.0518160700757,0.996886032345,-0.558345979477,-0.82955001461,-0.00982550064607,0.827475941526,-0.556023262232,-0.0782412810038,-0.044535466157,0.0162905110057,0.0819037144374,False,x
play_go_rainbow_stakin_cups_10_blue,0.0594418488775,-0.0518160700757,0.996886032345,-0.558345979477,-0.82955001461,-0.00982550064607,0.827475941526,-0.556023262232,-0.0782412810038,-0.0306280097277,0.0369532024339,0.082148451083,False,x
play_go_rainbow_stakin_cups_10_blue,-0.827475941526,0.556023262232,0.0782412810038,0.558345979477,0.82955001461,0.00982550064607,-0.0594418488775,0.0518160700757,-0.996886032345,-0.0122859643464,0.0545766972006,0.0869864114854,False,x
play_go_rainbow_stakin_cups_10_blue,-0.827475941526,0.556023262232,0.0782412810038,0.558345979477,0.82955001461,0.00982550064607,-0.0594418488775,0.0518160700757,-0.996886032345,0.0501639943999,0.0126133867939,0.0810815089671,True,x
play_go_rainbow_stakin_cups_10_blue,0.827475941526,-0.556023262232,-0.0782412810038,-0.558345979477,-0.82955001461,-0.00982550064607,-0.0594418488775,0.0518160700757,-0.996886032345,0.0501639943999,0.0126133867939,0.0810815089671,False,x
play_go_rainbow_stakin_cups_10_blue,0.827475941526,-0.556023262232,-0.0782412810038,-0.560185418187,-0.807949519757,-0.182783672072,0.0384169682158,0.195078715862,-0.980034913241,0.0487465297198,-0.0164419667156,0.0796557918178,False,x
play_go_rainbow_stakin_cups_10_blue,0.0594418488775,-0.0518160700757,0.996886032345,-0.558345979477,-0.82955001461,-0.00982550064607,0.827475941526,-0.556023262232,-0.0782412810038,-0.0167205532984,0.0576158938622,0.0823931877287,False,x
play_go_rainbow_stakin_cups_10_blue,-0.827475941526,0.556023262232,0.0782412810038,0.558345979477,0.82955001461,0.00982550064607,-0.0594418488775,0.0518160700757,-0.996886032345,0.0224381449984,0.0612516184933,0.0852628472916,False,x
play_go_rainbow_stakin_cups_10_blue,0.827475941526,-0.556023262232,-0.0782412810038,-0.558345979477,-0.82955001461,-0.00982550064607,-0.0594418488775,0.0518160700757,-0.996886032345,0.0224381449984,0.0612516184933,0.0852628472916,False,x
play_go_rainbow_stakin_cups_10_blue,-0.827475941526,0.556023262232,0.0782412810038,0.558345979477,0.82955001461,0.00982550064607,-0.0594418488775,0.0518160700757,-0.996886032345,0.0432547979138,0.0472638483577,0.0832945464522,False,x
play_go_rainbow_stakin_cups_10_blue,0.827475941526,-0.556023262232,-0.0782412810038,-0.558345979477,-0.82955001461,-0.00982550064607,-0.0594418488775,0.0518160700757,-0.996886032345,0.0432547979138,0.0472638483577,0.0832945464522,False,x
play_go_rainbow_stakin_cups_10_blue,0.827475941526,-0.556023262232,-0.0782412810038,-0.558345979477,-0.82955001461,-0.00982550064607,-0.0594418488775,0.0518160700757,-0.996886032345,0.0570731908859,-0.0220370747699,0.078868471482,False,x
play_go_rainbow_stakin_cups_10_blue,-0.827475941526,0.556023262232,0.0782412810038,0.558345979477,0.82955001461,0.00982550064607,-0.0594418488775,0.0518160700757,-0.996886032345,0.00162149208294,0.0752393886289,0.087231148131,False,x
play_go_rainbow_stakin_cups_10_blue,0.827475941526,-0.556023262232,-0.0782412810038,-0.558345979477,-0.82955001461,-0.00982550064607,-0.0594418488775,0.0518160700757,-0.996886032345,0.00162149208294,0.0752393886289,0.087231148131,False,x
play_go_rainbow_stakin_cups_10_blue,-0.827475941526,0.556023262232,0.0782412810038,0.558345979477,0.82955001461,0.00982550064607,-0.0594418488775,0.0518160700757,-0.996886032345,0.0640714508292,0.0332760782222,0.0813262456127,False,x
play_go_rainbow_stakin_cups_10_blue,0.827475941526,-0.556023262232,-0.0782412810038,-0.558345979477,-0.82955001461,-0.00982550064607,-0.0594418488775,0.0518160700757,-0.996886032345,0.0640714508292,0.0332760782222,0.0813262456127,True,x
play_go_rainbow_stakin_cups_10_blue,-0.827475941526,0.556023262232,0.0782412810038,0.558345979477,0.82955001461,0.00982550064607,-0.0594418488775,0.0518160700757,-0.996886032345,0.0709806473153,-0.00137438334163,0.0791132081277,True,x
play_go_rainbow_stakin_cups_10_blue,0.827475941526,-0.556023262232,-0.0782412810038,-0.558345979477,-0.82955001461,-0.00982550064607,-0.0594418488775,0.0518160700757,-0.996886032345,0.0709806473153,-0.00137438334163,0.0791132081277,False,x
play_go_rainbow_stakin_cups_10_blue,0.0594418488775,-0.0518160700757,0.996886032345,-0.558345979477,-0.82955001461,-0.00982550064607,0.827475941526,-0.556023262232,-0.0782412810038,-0.00281309686908,0.0782785852904,0.0826379243743,False,x
play_go_rainbow_stakin_cups_10_blue,-0.827475941526,0.556023262232,0.0782412810038,0.558345979477,0.82955001461,0.00982550064607,-0.0594418488775,0.0518160700757,-0.996886032345,0.0848881037446,0.0192883080866,0.0793579447733,True,x
play_go_rainbow_stakin_cups_10_blue,0.827475941526,-0.556023262232,-0.0782412810038,-0.558345979477,-0.82955001461,-0.00982550064607,-0.0594418488775,0.0518160700757,-0.996886032345,0.0848881037446,0.0192883080866,0.0793579447733,False,x
play_go_rainbow_stakin_cups_10_blue,0.827475941526,-0.556023262232,-0.0782412810038,0.558345979477,0.82955001461,0.00982550064607,0.0594418488775,-0.0518160700757,0.996886032345,0.038174514416,-0.0383488684338,-0.00508290681101,True,x
play_go_rainbow_stakin_cups_10_blue,0.827475941526,-0.556023262232,-0.0782412810038,0.558345979477,0.82955001461,0.00982550064607,0.0594418488775,-0.0518160700757,0.996886032345,0.0520819708453,-0.0176861770056,-0.00483817016535,True,x
play_go_rainbow_stakin_cups_1_yellow,0.314006671938,-0.94289155857,0.111154481489,-0.919025160343,-0.272476471689,0.284867209471,-0.238311906195,-0.191603969564,-0.952100495858,0.000988412630041,-0.00495073436733,0.0789130331472,False,x
play_go_rainbow_stakin_cups_1_yellow,-0.314006671938,0.94289155857,-0.111154481489,0.919025160343,0.272476471689,-0.284867209471,-0.238311906195,-0.191603969564,-0.952100495858,0.000988412630041,-0.00495073436733,0.0789130331472,True,x
play_go_rainbow_stakin_cups_1_yellow,0.314006671938,-0.94289155857,0.111154481489,-0.919025160343,-0.272476471689,0.284867209471,-0.238311906195,-0.191603969564,-0.952100495858,-0.00359909267751,0.00882451442814,0.077289112959,True,x
play_go_rainbow_stakin_cups_1_yellow,-0.314006671938,0.94289155857,-0.111154481489,0.919025160343,0.272476471689,-0.284867209471,-0.238311906195,-0.191603969564,-0.952100495858,-0.00359909267751,0.00882451442814,0.077289112959,True,x
play_go_rainbow_stakin_cups_1_yellow,0.314006671938,-0.94289155857,0.111154481489,-0.919025160343,-0.272476471689,0.284867209471,-0.238311906195,-0.191603969564,-0.952100495858,-0.0139436405,-0.00937785271786,0.0835414725963,False,x
play_go_rainbow_stakin_cups_1_yellow,-0.314006671938,0.94289155857,-0.111154481489,0.919025160343,0.272476471689,-0.284867209471,-0.238311906195,-0.191603969564,-0.952100495858,-0.0139436405,-0.00937785271786,0.0835414725963,True,x
play_go_rainbow_stakin_cups_1_yellow,0.314006671938,-0.94289155857,0.111154481489,-0.919025160343,-0.272476471689,0.284867209471,-0.238311906195,-0.191603969564,-0.952100495858,-0.0185311458076,0.00439739607761,0.0819175524081,False,x
play_go_rainbow_stakin_cups_1_yellow,-0.314006671938,0.94289155857,-0.111154481489,0.919025160343,0.272476471689,-0.284867209471,-0.238311906195,-0.191603969564,-0.952100495858,-0.0185311458076,0.00439739607761,0.0819175524081,True,x
play_go_rainbow_stakin_cups_1_yellow,0.314006671938,-0.94289155857,0.111154481489,-0.919025160343,-0.272476471689,0.284867209471,-0.238311906195,-0.191603969564,-0.952100495858,0.00557591793759,-0.0187259831628,0.0805369533354,False,x
play_go_rainbow_stakin_cups_1_yellow,-0.314006671938,0.94289155857,-0.111154481489,0.919025160343,0.272476471689,-0.284867209471,-0.238311906195,-0.191603969564,-0.952100495858,0.00557591793759,-0.0187259831628,0.0805369533354,True,x
play_go_rainbow_stakin_cups_1_yellow,0.314006671938,-0.94289155857,0.111154481489,-0.919025160343,-0.272476471689,0.284867209471,-0.238311906195,-0.191603969564,-0.952100495858,-0.00935613519245,-0.0231531015133,0.0851653927845,False,x
play_go_rainbow_stakin_cups_1_yellow,-0.314006671938,0.94289155857,-0.111154481489,0.919025160343,0.272476471689,-0.284867209471,-0.238311906195,-0.191603969564,-0.952100495858,-0.00935613519245,-0.0231531015133,0.0851653927845,False,x
play_go_rainbow_stakin_cups_1_yellow,0.314006671938,-0.94289155857,0.111154481489,-0.919025160343,-0.272476471689,0.284867209471,-0.238311906195,-0.191603969564,-0.952100495858,0.0159204657601,-0.000523616016805,0.0742845936981,True,x
play_go_rainbow_stakin_cups_1_yellow,-0.314006671938,0.94289155857,-0.111154481489,0.919025160343,0.272476471689,-0.284867209471,-0.238311906195,-0.191603969564,-0.952100495858,0.0159204657601,-0.000523616016805,0.0742845936981,True,x
play_go_rainbow_stakin_cups_1_yellow,-0.238311906195,-0.191603969564,-0.952100495858,-0.314006671938,0.94289155857,-0.111154481489,0.919025160343,0.272476471689,-0.284867209471,-0.0197303258327,-0.0116982549241,0.0802053061643,False,x
play_go_rainbow_stakin_cups_1_yellow,0.238311906195,0.191603969564,0.952100495858,0.314006671938,-0.94289155857,0.111154481489,0.919025160343,0.272476471689,-0.284867209471,-0.0197303258327,-0.0116982549241,0.0802053061643,False,x
play_go_rainbow_stakin_cups_1_yellow,0.314006671938,-0.94289155857,0.111154481489,-0.919025160343,-0.272476471689,0.284867209471,-0.238311906195,-0.191603969564,-0.952100495858,0.0113329604525,0.0132516327787,0.0726606735099,True,x
play_go_rainbow_stakin_cups_1_yellow,-0.314006671938,0.94289155857,-0.111154481489,0.919025160343,0.272476471689,-0.284867209471,-0.238311906195,-0.191603969564,-0.952100495858,0.0113329604525,0.0132516327787,0.0726606735099,False,x
play_go_rainbow_stakin_cups_1_yellow,-0.238311906195,-0.191603969564,-0.952100495858,-0.314006671938,0.94289155857,-0.111154481489,0.919025160343,0.272476471689,-0.284867209471,-0.0243178311402,0.00207699387135,0.0785813859761,False,x
play_go_rainbow_stakin_cups_1_yellow,0.238311906195,0.191603969564,0.952100495858,0.314006671938,-0.94289155857,0.111154481489,0.919025160343,0.272476471689,-0.284867209471,-0.0243178311402,0.00207699387135,0.0785813859761,False,x
play_go_rainbow_stakin_cups_1_yellow,-0.238311906195,-0.191603969564,-0.952100495858,-0.314006671938,0.94289155857,-0.111154481489,0.919025160343,0.272476471689,-0.284867209471,-0.0151428205251,-0.0254735037196,0.0818292263525,False,x
play_go_rainbow_stakin_cups_1_yellow,0.238311906195,0.191603969564,0.952100495858,0.314006671938,-0.94289155857,0.111154481489,0.919025160343,0.272476471689,-0.284867209471,-0.0151428205251,-0.0254735037196,0.0818292263525,False,x
play_go_rainbow_stakin_cups_1_yellow,-0.314006671938,0.94289155857,-0.111154481489,0.919025160343,0.272476471689,-0.284867209471,-0.238311906195,-0.191603969564,-0.952100495858,-0.00818659798506,0.0225997632236,0.0756651927708,False,x
play_go_rainbow_stakin_cups_1_yellow,0.314006671938,-0.94289155857,0.111154481489,-0.919025160343,-0.272476471689,0.284867209471,-0.238311906195,-0.191603969564,-0.952100495858,0.0205079710676,-0.0142988648123,0.0759085138863,True,x
play_go_rainbow_stakin_cups_1_yellow,-0.314006671938,0.94289155857,-0.111154481489,0.919025160343,0.272476471689,-0.284867209471,-0.238311906195,-0.191603969564,-0.952100495858,0.0205079710676,-0.0142988648123,0.0759085138863,False,x
play_go_rainbow_stakin_cups_1_yellow,0.314006671938,-0.94289155857,0.111154481489,-0.919025160343,-0.272476471689,0.284867209471,-0.238311906195,-0.191603969564,-0.952100495858,-0.0231186511151,0.0181726448731,0.0802936322199,False,x
play_go_rainbow_stakin_cups_1_yellow,-0.314006671938,0.94289155857,-0.111154481489,0.919025160343,0.272476471689,-0.284867209471,-0.238311906195,-0.191603969564,-0.952100495858,-0.0231186511151,0.0181726448731,0.0802936322199,True,x
play_go_rainbow_stakin_cups_1_yellow,0.238311906195,0.191603969564,0.952100495858,0.314006671938,-0.94289155857,0.111154481489,0.919025160343,0.272476471689,-0.284867209471,-0.0289053364478,0.0158522426668,0.0769574657879,False,x
play_go_rainbow_stakin_cups_1_yellow,0.314006671938,-0.94289155857,0.111154481489,-0.919025160343,-0.272476471689,0.284867209471,-0.238311906195,-0.191603969564,-0.952100495858,0.00674545514498,0.0270268815741,0.0710367533217,True,x
play_go_rainbow_stakin_cups_1_yellow,-0.314006671938,0.94289155857,-0.111154481489,0.919025160343,0.272476471689,-0.284867209471,-0.238311906195,-0.191603969564,-0.952100495858,0.00674545514498,0.0270268815741,0.0710367533217,False,x
play_go_rainbow_stakin_cups_1_yellow,0.314006671938,-0.94289155857,0.111154481489,-0.919025160343,-0.272476471689,0.284867209471,-0.238311906195,-0.191603969564,-0.952100495858,0.0308525188901,0.00390350233372,0.069656154249,True,x
play_go_rainbow_stakin_cups_1_yellow,-0.314006671938,0.94289155857,-0.111154481489,0.919025160343,0.272476471689,-0.284867209471,-0.238311906195,-0.191603969564,-0.952100495858,0.0308525188901,0.00390350233372,0.069656154249,False,x
play_go_rainbow_stakin_cups_1_yellow,0.314006671938,-0.94289155857,0.111154481489,-0.919025160343,-0.272476471689,0.284867209471,-0.238311906195,-0.191603969564,-0.952100495858,-0.0277061564227,0.0319478936686,0.0786697120317,False,x
play_go_rainbow_stakin_cups_1_yellow,-0.314006671938,0.94289155857,-0.111154481489,0.919025160343,0.272476471689,-0.284867209471,-0.238311906195,-0.191603969564,-0.952100495858,-0.0277061564227,0.0319478936686,0.0786697120317,False,x
play_go_rainbow_stakin_cups_1_yellow,0.314006671938,-0.94289155857,0.111154481489,-0.919025160343,-0.272476471689,0.284867209471,-0.238311906195,-0.191603969564,-0.952100495858,0.0262650135826,0.0176787511292,0.0680322340608,True,x
play_go_rainbow_stakin_cups_1_yellow,-0.314006671938,0.94289155857,-0.111154481489,0.919025160343,0.272476471689,-0.284867209471,-0.238311906195,-0.191603969564,-0.952100495858,0.0262650135826,0.0176787511292,0.0680322340608,False,x
play_go_rainbow_stakin_cups_1_yellow,-0.314006671938,0.94289155857,-0.111154481489,0.919025160343,0.272476471689,-0.284867209471,-0.238311906195,-0.191603969564,-0.952100495858,-0.0127741032926,0.0363750120191,0.0740412725826,False,x
play_go_rainbow_stakin_cups_1_yellow,0.314006671938,-0.94289155857,0.111154481489,-0.919025160343,-0.272476471689,0.284867209471,-0.238311906195,-0.191603969564,-0.952100495858,0.0354400241977,-0.00987174646175,0.0712800744372,True,x
play_go_rainbow_stakin_cups_1_yellow,-0.314006671938,0.94289155857,-0.111154481489,0.919025160343,0.272476471689,-0.284867209471,-0.238311906195,-0.191603969564,-0.952100495858,0.0354400241977,-0.00987174646175,0.0712800744372,False,x
play_go_rainbow_stakin_cups_1_yellow,0.238311906195,0.191603969564,0.952100495858,0.314006671938,-0.94289155857,0.111154481489,0.919025160343,0.272476471689,-0.284867209471,-0.0334928417554,0.0296274914623,0.0753335455997,False,x
play_go_rainbow_stakin_cups_1_yellow,0.314006671938,-0.94289155857,0.111154481489,-0.919025160343,-0.272476471689,0.284867209471,-0.238311906195,-0.191603969564,-0.952100495858,0.00215794983743,0.0408021303696,0.0694128331335,True,x
play_go_rainbow_stakin_cups_1_yellow,-0.314006671938,0.94289155857,-0.111154481489,0.919025160343,0.272476471689,-0.284867209471,-0.238311906195,-0.191603969564,-0.952100495858,0.00215794983743,0.0408021303696,0.0694128331335,False,x
play_go_rainbow_stakin_cups_1_yellow,0.314006671938,-0.94289155857,0.111154481489,-0.919025160343,-0.272476471689,0.284867209471,-0.238311906195,-0.191603969564,-0.952100495858,0.021677508275,0.0314539999247,0.0664083138726,True,x
play_go_rainbow_stakin_cups_1_yellow,-0.314006671938,0.94289155857,-0.111154481489,0.919025160343,0.272476471689,-0.284867209471,-0.238311906195,-0.191603969564,-0.952100495858,0.021677508275,0.0314539999247,0.0664083138726,False,x
play_go_rainbow_stakin_cups_1_yellow,0.314006671938,-0.94289155857,0.111154481489,-0.919025160343,-0.272476471689,0.284867209471,-0.238311906195,-0.191603969564,-0.952100495858,0.0457845720202,0.00833062068425,0.0650277148,True,x
play_go_rainbow_stakin_cups_1_yellow,-0.314006671938,0.94289155857,-0.111154481489,0.919025160343,0.272476471689,-0.284867209471,-0.238311906195,-0.191603969564,-0.952100495858,0.0457845720202,0.00833062068425,0.0650277148,False,x
play_go_rainbow_stakin_cups_1_yellow,0.314006671938,-0.94289155857,0.111154481489,-0.919025160343,-0.272476471689,0.284867209471,-0.238311906195,-0.191603969564,-0.952100495858,0.0411970667126,0.0221058694797,0.0634037946118,False,x
play_go_rainbow_stakin_cups_1_yellow,-0.314006671938,0.94289155857,-0.111154481489,0.919025160343,0.272476471689,-0.284867209471,-0.238311906195,-0.191603969564,-0.952100495858,0.0411970667126,0.0221058694797,0.0634037946118,False,x
play_go_rainbow_stakin_cups_1_yellow,0.314006671938,-0.94289155857,0.111154481489,-0.919025160343,-0.272476471689,0.284867209471,-0.238311906195,-0.191603969564,-0.952100495858,0.0170900029675,0.0452292487201,0.0647843936844,False,x
play_go_rainbow_stakin_cups_1_yellow,-0.314006671938,0.94289155857,-0.111154481489,0.919025160343,0.272476471689,-0.284867209471,-0.238311906195,-0.191603969564,-0.952100495858,0.0170900029675,0.0452292487201,0.0647843936844,False,x
play_go_rainbow_stakin_cups_1_yellow,0.314006671938,-0.94289155857,0.111154481489,-0.919025160343,-0.272476471689,0.284867209471,-0.238311906195,-0.191603969564,-0.952100495858,0.0503720773277,-0.00544462811122,0.0666516349882,False,x
play_go_rainbow_stakin_cups_1_yellow,-0.314006671938,0.94289155857,-0.111154481489,0.919025160343,0.272476471689,-0.284867209471,-0.238311906195,-0.191603969564,-0.952100495858,0.0503720773277,-0.00544462811122,0.0666516349882,False,x
play_go_rainbow_stakin_cups_1_yellow,0.314006671938,-0.94289155857,0.111154481489,-0.919025160343,-0.272476471689,0.284867209471,-0.238311906195,-0.191603969564,-0.952100495858,0.0366095614051,0.0358811182752,0.0617798744236,False,x
play_go_rainbow_stakin_cups_1_yellow,-0.314006671938,0.94289155857,-0.111154481489,0.919025160343,0.272476471689,-0.284867209471,-0.238311906195,-0.191603969564,-0.952100495858,0.0366095614051,0.0358811182752,0.0617798744236,False,x
play_go_rainbow_stakin_cups_1_yellow,0.314006671938,-0.94289155857,0.111154481489,-0.919025160343,-0.272476471689,0.284867209471,-0.238311906195,-0.191603969564,-0.952100495858,0.0320220560975,0.0496563670707,0.0601559542354,False,x
play_go_rainbow_stakin_cups_1_yellow,-0.314006671938,0.94289155857,-0.111154481489,0.919025160343,0.272476471689,-0.284867209471,-0.238311906195,-0.191603969564,-0.952100495858,0.0320220560975,0.0496563670707,0.0601559542354,False,x
play_go_rainbow_stakin_cups_2_orange,0.200260683924,0.941296707259,0.271764911969,0.954817447768,-0.125337613043,-0.269470080332,-0.219588933946,0.313450142224,-0.923866715727,-0.00188603028949,0.00860162070344,0.0815970959062,False,x
play_go_rainbow_stakin_cups_2_orange,-0.200260683924,-0.941296707259,-0.271764911969,-0.954817447768,0.125337613043,0.269470080332,-0.219588933946,0.313450142224,-0.923866715727,-0.00529234948612,-0.00740929557246,0.0769745308651,True,x
play_go_rainbow_stakin_cups_2_orange,0.200260683924,0.941296707259,0.271764911969,0.954817447768,-0.125337613043,-0.269470080332,-0.219588933946,0.313450142224,-0.923866715727,-0.0193345947423,0.0108920704901,0.0865214571815,False,x
play_go_rainbow_stakin_cups_2_orange,0.200260683924,0.941296707259,0.271764911969,0.954817447768,-0.125337613043,-0.269470080332,-0.219588933946,0.313450142224,-0.923866715727,0.00152028890715,0.0246125369793,0.0862196609473,False,x
play_go_rainbow_stakin_cups_2_orange,0.200260683924,0.941296707259,0.271764911969,0.954817447768,-0.125337613043,-0.269470080332,-0.219588933946,0.313450142224,-0.923866715727,-0.0159282755456,0.026902986766,0.0911440222226,False,x
play_go_rainbow_stakin_cups_2_orange,-0.200260683924,-0.941296707259,-0.271764911969,-0.954817447768,0.125337613043,0.269470080332,-0.219588933946,0.313450142224,-0.923866715727,0.0155625341633,0.00631117091679,0.0766727346309,True,x
play_go_rainbow_stakin_cups_2_orange,0.200260683924,0.941296707259,0.271764911969,0.954817447768,-0.125337613043,-0.269470080332,-0.219588933946,0.313450142224,-0.923866715727,0.0155625341633,0.00631117091679,0.0766727346309,False,x
play_go_rainbow_stakin_cups_2_orange,-0.219588933946,0.313450142224,-0.923866715727,0.200260683924,0.941296707259,0.271764911969,0.954817447768,-0.125337613043,-0.269470080332,-0.0252066266509,0.0130860092664,0.0832494740045,False,x
play_go_rainbow_stakin_cups_2_orange,-0.219588933946,0.313450142224,-0.923866715727,0.954817447768,-0.125337613043,-0.269470080332,-0.200260683924,-0.941296707259,-0.271764911969,0.00142364765704,0.0308862712268,0.0829591519285,False,x
play_go_rainbow_stakin_cups_2_orange,-0.200260683924,-0.941296707259,-0.271764911969,-0.954817447768,0.125337613043,0.269470080332,-0.219588933946,0.313450142224,-0.923866715727,0.0189688533599,0.0223220871927,0.081295299672,True,x
play_go_rainbow_stakin_cups_2_orange,0.200260683924,0.941296707259,0.271764911969,0.954817447768,-0.125337613043,-0.269470080332,-0.219588933946,0.313450142224,-0.923866715727,0.0189688533599,0.0223220871927,0.081295299672,False,x
play_go_rainbow_stakin_cups_2_orange,-0.219588933946,0.313450142224,-0.923866715727,0.200260683924,0.941296707259,0.271764911969,0.954817447768,-0.125337613043,-0.269470080332,-0.0218003074542,0.0290969255423,0.0878720390456,False,x
play_go_rainbow_stakin_cups_2_orange,0.219588933946,-0.313450142224,0.923866715727,-0.200260683924,-0.941296707259,-0.271764911969,0.954817447768,-0.125337613043,-0.269470080332,-0.0218003074542,0.0290969255423,0.0878720390456,False,x
play_go_rainbow_stakin_cups_2_orange,-0.219588933946,0.313450142224,-0.923866715727,0.954817447768,-0.125337613043,-0.269470080332,-0.200260683924,-0.941296707259,-0.271764911969,-0.0160249167958,0.0331767210134,0.0878835132038,False,x
play_go_rainbow_stakin_cups_2_orange,0.219588933946,-0.313450142224,0.923866715727,-0.954817447768,0.125337613043,0.269470080332,-0.200260683924,-0.941296707259,-0.271764911969,-0.0160249167958,0.0331767210134,0.0878835132038,False,x
play_go_rainbow_stakin_cups_2_orange,-0.219588933946,0.313450142224,-0.923866715727,0.954817447768,-0.125337613043,-0.269470080332,-0.200260683924,-0.941296707259,-0.271764911969,0.0188722121098,0.0285958214401,0.0780347906532,False,x
play_go_rainbow_stakin_cups_2_orange,-0.200260683924,-0.941296707259,-0.271764911969,-0.954817447768,0.125337613043,0.269470080332,-0.219588933946,0.313450142224,-0.923866715727,0.0330110986161,0.00402072113013,0.0717483733556,True,x
play_go_rainbow_stakin_cups_2_orange,0.200260683924,0.941296707259,0.271764911969,0.954817447768,-0.125337613043,-0.269470080332,-0.219588933946,0.313450142224,-0.923866715727,0.0330110986161,0.00402072113013,0.0717483733556,False,x
play_go_rainbow_stakin_cups_2_orange,-0.200260683924,-0.941296707259,-0.271764911969,-0.954817447768,0.125337613043,0.269470080332,-0.219588933946,0.313450142224,-0.923866715727,0.0364174178127,0.020031637406,0.0763709383967,False,x
play_go_rainbow_stakin_cups_2_orange,0.200260683924,0.941296707259,0.271764911969,0.954817447768,-0.125337613043,-0.269470080332,-0.219588933946,0.313450142224,-0.923866715727,0.0364174178127,0.020031637406,0.0763709383967,False,x
play_go_rainbow_stakin_cups_2_orange,-0.200260683924,-0.941296707259,-0.271764911969,-0.954817447768,0.125337613043,0.269470080332,-0.219588933946,0.313450142224,-0.923866715727,0.0504596630689,0.00173027134347,0.0668240120803,False,x
play_go_rainbow_stakin_cups_2_orange,0.200260683924,0.941296707259,0.271764911969,0.954817447768,-0.125337613043,-0.269470080332,-0.219588933946,0.313450142224,-0.923866715727,0.0504596630689,0.00173027134347,0.0668240120803,False,x
play_go_rainbow_stakin_cups_2_orange,-0.200260683924,-0.941296707259,-0.271764911969,-0.954817447768,0.125337613043,0.269470080332,-0.219588933946,0.313450142224,-0.923866715727,0.0538659822655,0.0177411876194,0.0714465771214,False,x
play_go_rainbow_stakin_cups_2_orange,0.200260683924,0.941296707259,0.271764911969,0.954817447768,-0.125337613043,-0.269470080332,-0.219588933946,0.313450142224,-0.923866715727,0.0538659822655,0.0177411876194,0.0714465771214,False,x
play_go_rainbow_stakin_cups_2_orange,0.200260683924,0.941296707259,0.271764911969,-0.954817447768,0.125337613043,0.269470080332,0.219588933946,-0.313450142224,0.923866715727,0.0217811217844,-0.0199525197223,-0.0247078651817,True,x
play_go_rainbow_stakin_cups_3_red,0.256111248901,-0.908770066539,-0.329460155937,-0.731180576735,0.0408093895112,-0.680962229447,0.632283158397,0.415296953867,-0.654023277656,-0.00187508158966,-0.00217377892489,0.0979473249104,False,x
play_go_rainbow_stakin_cups_3_red,-0.256111248901,0.908770066539,0.329460155937,0.731180576735,-0.0408093895112,0.680962229447,0.632283158397,0.415296953867,-0.654023277656,-0.00187508158966,-0.00217377892489,0.0979473249104,False,x
play_go_rainbow_stakin_cups_3_red,-0.632283158397,-0.415296953867,0.654023277656,-0.256111248901,0.908770066539,0.329460155937,-0.731180576735,0.0408093895112,-0.680962229447,0.004942237086,-0.000301341103114,0.0980820196693,False,x
play_go_rainbow_stakin_cups_3_red,0.632283158397,0.415296953867,-0.654023277656,0.256111248901,-0.908770066539,-0.329460155937,-0.731180576735,0.0408093895112,-0.680962229447,0.004942237086,-0.000301341103114,0.0980820196693,False,x
play_go_rainbow_stakin_cups_3_red,0.256111248901,-0.908770066539,-0.329460155937,-0.731180576735,0.0408093895112,-0.680962229447,0.632283158397,0.415296953867,-0.654023277656,-0.00658236107063,0.0145292542511,0.104002744337,False,x
play_go_rainbow_stakin_cups_3_red,-0.256111248901,0.908770066539,0.329460155937,0.731180576735,-0.0408093895112,0.680962229447,0.632283158397,0.415296953867,-0.654023277656,-0.00658236107063,0.0145292542511,0.104002744337,False,x
play_go_rainbow_stakin_cups_3_red,-0.632283158397,-0.415296953867,0.654023277656,-0.256111248901,0.908770066539,0.329460155937,-0.731180576735,0.0408093895112,-0.680962229447,0.000234957605028,0.0164016920729,0.104137439095,False,x
play_go_rainbow_stakin_cups_3_red,0.632283158397,0.415296953867,-0.654023277656,0.256111248901,-0.908770066539,-0.329460155937,-0.731180576735,0.0408093895112,-0.680962229447,0.000234957605028,0.0164016920729,0.104137439095,False,x
play_go_rainbow_stakin_cups_3_red,-0.632283158397,-0.415296953867,0.654023277656,-0.731180576735,0.0408093895112,-0.680962229447,0.256111248901,-0.908770066539,-0.329460155937,-0.00470150152315,0.0211495893532,0.102379928728,False,x
play_go_rainbow_stakin_cups_3_red,0.632283158397,0.415296953867,-0.654023277656,0.731180576735,-0.0408093895112,0.680962229447,0.256111248901,-0.908770066539,-0.329460155937,-0.00470150152315,0.0211495893532,0.102379928728,False,x
play_go_rainbow_stakin_cups_3_red,0.256111248901,-0.908770066539,-0.329460155937,-0.731180576735,0.0408093895112,-0.680962229447,0.632283158397,0.415296953867,-0.654023277656,0.00283219789132,-0.0188768121009,0.0918919054843,False,x
play_go_rainbow_stakin_cups_3_red,-0.256111248901,0.908770066539,0.329460155937,0.731180576735,-0.0408093895112,0.680962229447,0.632283158397,0.415296953867,-0.654023277656,0.00283219789132,-0.0188768121009,0.0918919054843,False,x
play_go_rainbow_stakin_cups_3_red,-0.632283158397,-0.415296953867,0.654023277656,-0.256111248901,0.908770066539,0.329460155937,-0.731180576735,0.0408093895112,-0.680962229447,0.00964951656698,-0.0170043742791,0.0920266002432,False,x
play_go_rainbow_stakin_cups_3_red,0.632283158397,0.415296953867,-0.654023277656,0.256111248901,-0.908770066539,-0.329460155937,-0.731180576735,0.0408093895112,-0.680962229447,0.00964951656698,-0.0170043742791,0.0920266002432,False,x
play_go_rainbow_stakin_cups_3_red,-0.632283158397,-0.415296953867,0.654023277656,-0.256111248901,0.908770066539,0.329460155937,-0.731180576735,0.0408093895112,-0.680962229447,0.0181298652792,0.00836057206762,0.0844409544269,False,x
play_go_rainbow_stakin_cups_3_red,0.632283158397,0.415296953867,-0.654023277656,0.256111248901,-0.908770066539,-0.329460155937,-0.731180576735,0.0408093895112,-0.680962229447,0.0181298652792,0.00836057206762,0.0844409544269,True,x
play_go_rainbow_stakin_cups_3_red,0.256111248901,-0.908770066539,-0.329460155937,-0.731180576735,0.0408093895112,-0.680962229447,0.632283158397,0.415296953867,-0.654023277656,-0.0213789692339,0.0153550975041,0.0902223847322,False,x
play_go_rainbow_stakin_cups_3_red,-0.256111248901,0.908770066539,0.329460155937,0.731180576735,-0.0408093895112,0.680962229447,0.632283158397,0.415296953867,-0.654023277656,-0.0213789692339,0.0153550975041,0.0902223847322,False,x
play_go_rainbow_stakin_cups_3_red,-0.632283158397,-0.415296953867,0.654023277656,-0.256111248901,0.908770066539,0.329460155937,-0.731180576735,0.0408093895112,-0.680962229447,0.0134225857982,0.0250636052437,0.090496373853,False,x
play_go_rainbow_stakin_cups_3_red,0.632283158397,0.415296953867,-0.654023277656,0.256111248901,-0.908770066539,-0.329460155937,-0.731180576735,0.0408093895112,-0.680962229447,0.0134225857982,0.0250636052437,0.090496373853,True,x
play_go_rainbow_stakin_cups_3_red,0.632283158397,0.415296953867,-0.654023277656,0.731180576735,-0.0408093895112,0.680962229447,0.256111248901,-0.908770066539,-0.329460155937,-0.0194981096864,0.0219754326061,0.0885995691236,False,x
play_go_rainbow_stakin_cups_3_red,0.632283158397,0.415296953867,-0.654023277656,0.731180576735,-0.0408093895112,0.680962229447,0.256111248901,-0.908770066539,-0.329460155937,0.00848612667002,0.0298115025239,0.0887388634854,False,x
play_go_rainbow_stakin_cups_3_red,-0.632283158397,-0.415296953867,0.654023277656,-0.256111248901,0.908770066539,0.329460155937,-0.731180576735,0.0408093895112,-0.680962229447,0.0228371447601,-0.00834246110841,0.0783855350007,False,x
play_go_rainbow_stakin_cups_3_red,0.632283158397,0.415296953867,-0.654023277656,0.256111248901,-0.908770066539,-0.329460155937,-0.731180576735,0.0408093895112,-0.680962229447,0.0228371447601,-0.00834246110841,0.0783855350007,False,x
play_go_rainbow_stakin_cups_3_red,0.256111248901,-0.908770066539,-0.329460155937,-0.731180576735,0.0408093895112,-0.680962229447,0.632283158397,0.415296953867,-0.654023277656,0.00753947737229,-0.035579845277,0.0858364860581,False,x
play_go_rainbow_stakin_cups_3_red,-0.632283158397,-0.415296953867,0.654023277656,-0.256111248901,0.908770066539,0.329460155937,-0.731180576735,0.0408093895112,-0.680962229447,0.0143567960479,-0.0337074074552,0.0859711808171,False,x
play_go_rainbow_stakin_cups_3_red,0.632283158397,0.415296953867,-0.654023277656,0.731180576735,-0.0408093895112,0.680962229447,0.256111248901,-0.908770066539,-0.329460155937,-0.0063104814932,0.0306373457768,0.0749585038811,False,x
play_go_rainbow_stakin_cups_3_red,0.256111248901,-0.908770066539,-0.329460155937,-0.731180576735,0.0408093895112,-0.680962229447,0.632283158397,0.415296953867,-0.654023277656,-0.0361755773971,0.016180940757,0.0764420251279,False,x
play_go_rainbow_stakin_cups_3_red,0.632283158397,0.415296953867,-0.654023277656,0.256111248901,-0.908770066539,-0.329460155937,-0.731180576735,0.0408093895112,-0.680962229447,0.0313174934723,0.0170224852384,0.0707998891844,False,x
play_go_rainbow_stakin_cups_3_red,0.632283158397,0.415296953867,-0.654023277656,0.256111248901,-0.908770066539,-0.329460155937,-0.731180576735,0.0408093895112,-0.680962229447,0.0275444242411,-0.0250454942844,0.0723301155746,False,x
play_go_rainbow_stakin_cups_3_red,-0.632283158397,-0.415296953867,0.654023277656,-0.256111248901,0.908770066539,0.329460155937,-0.731180576735,0.0408093895112,-0.680962229447,0.0266102139914,0.0337255184144,0.0768553086105,False,x
play_go_rainbow_stakin_cups_3_red,0.632283158397,0.415296953867,-0.654023277656,0.256111248901,-0.908770066539,-0.329460155937,-0.731180576735,0.0408093895112,-0.680962229447,0.0266102139914,0.0337255184144,0.0768553086105,False,x
play_go_rainbow_stakin_cups_3_red,0.632283158397,0.415296953867,-0.654023277656,0.731180576735,-0.0408093895112,0.680962229447,0.256111248901,-0.908770066539,-0.329460155937,0.0216737548632,0.0384734156946,0.075097798243,False,x
play_go_rainbow_stakin_cups_3_red,0.632283158397,0.415296953867,-0.654023277656,0.764545552472,-0.197995669159,0.613406727376,0.125252168855,-0.887877331112,-0.442702766079,-0.0290196665723,0.0262660411273,0.0693627834223,False,x
play_go_rainbow_stakin_cups_3_red,0.632283158397,0.415296953867,-0.654023277656,0.256111248901,-0.908770066539,-0.329460155937,-0.731180576735,0.0408093895112,-0.680962229447,0.0360247729533,0.000319452062325,0.0647444697583,False,x
play_go_rainbow_stakin_cups_3_red,0.256111248901,-0.908770066539,-0.329460155937,-0.731180576735,0.0408093895112,-0.680962229447,0.632283158397,0.415296953867,-0.654023277656,0.0122467568533,-0.052282878453,0.079781066632,False,x
play_go_rainbow_stakin_cups_3_red,-0.632283158397,-0.415296953867,0.654023277656,-0.256111248901,0.908770066539,0.329460155937,-0.731180576735,0.0408093895112,-0.680962229447,0.0190640755289,-0.0504104406312,0.079915761391,False,x
play_go_rainbow_stakin_cups_3_red,0.632283158397,0.415296953867,-0.654023277656,0.256111248901,-0.908770066539,-0.329460155937,-0.731180576735,0.0408093895112,-0.680962229447,0.0190640755289,-0.0504104406312,0.079915761391,False,x
play_go_rainbow_stakin_cups_3_red,0.632283158397,0.415296953867,-0.654023277656,-0.731180576735,0.0408093895112,-0.680962229447,-0.256111248901,0.908770066539,0.329460155937,0.0166887288898,-0.0547502440163,0.0748636494641,False,x
play_go_rainbow_stakin_cups_3_red,0.632283158397,0.415296953867,-0.654023277656,0.256111248901,-0.908770066539,-0.329460155937,-0.731180576735,0.0408093895112,-0.680962229447,0.0407320524343,-0.0163835811137,0.0586890503321,False,x
play_go_rainbow_stakin_cups_3_red,0.632283158397,0.415296953867,-0.654023277656,0.256111248901,-0.908770066539,-0.329460155937,-0.731180576735,0.0408093895112,-0.680962229447,0.0445051216655,0.0256843984091,0.0571588239419,False,x
play_go_rainbow_stakin_cups_3_red,0.632283158397,0.415296953867,-0.654023277656,0.256111248901,-0.908770066539,-0.329460155937,-0.731180576735,0.0408093895112,-0.680962229447,0.0397978421845,0.0423874315851,0.063214243368,False,x
play_go_rainbow_stakin_cups_3_red,0.632283158397,0.415296953867,-0.654023277656,0.256111248901,-0.908770066539,-0.329460155937,-0.731180576735,0.0408093895112,-0.680962229447,0.0492124011465,0.00898136523306,0.0511034045158,False,x
play_go_rainbow_stakin_cups_3_red,0.632283158397,0.415296953867,-0.654023277656,0.256111248901,-0.908770066539,-0.329460155937,-0.731180576735,0.0408093895112,-0.680962229447,0.0454393319153,-0.0330866142897,0.052633630906,False,x
play_go_rainbow_stakin_cups_5_green,0.896717212579,0.359703781387,0.257898100654,0.413596583813,-0.888471632665,-0.198886962386,0.157594754111,0.285011135931,-0.945480061065,0.0113148011973,-0.00138757725071,0.0840517323569,False,x
play_go_rainbow_stakin_cups_5_green,0.896717212579,0.359703781387,0.257898100654,0.43467916422,-0.825482087811,-0.360046312155,0.0833802426139,0.434962656281,-0.896579735876,0.0113148011973,-0.00138757725071,0.0840517323569,False,x
play_go_rainbow_stakin_cups_5_green,-0.896717212579,-0.359703781387,-0.257898100654,-0.413596583813,0.888471632665,0.198886962386,0.157594754111,0.285011135931,-0.945480061065,-0.00400418170939,-0.00753254246521,0.0796459547715,False,x
