melissa_doug_farm_fresh_fruit_apple,-0.0694728218833,0.996824539801,-0.0389148284002,0.99604523231,0.0671471501248,-0.058182088497,-0.055384313766,-0.0428030031651,-0.99754723232,-0.00372783778112,0.00664006134471,0.0805431112323,False,x
melissa_doug_farm_fresh_fruit_apple,0.0694728218833,-0.996824539801,0.0389148284002,-0.99604523231,-0.0671471501248,0.058182088497,-0.055384313766,-0.0428030031651,-0.99754723232,-0.00372783778112,0.00664006134471,0.0805431112323,False,x
melissa_doug_farm_fresh_fruit_apple,-0.0694728218833,0.996824539801,-0.0389148284002,0.971295681973,0.0586943705373,-0.230520430867,-0.227504341057,-0.0538127096239,-0.972289034744,-0.00372783778112,0.00664006134471,0.0805431112323,False,x
melissa_doug_farm_fresh_fruit_apple,-0.0694728218833,0.996824539801,-0.0389148284002,0.99604523231,0.0671471501248,-0.058182088497,-0.055384313766,-0.0428030031651,-0.99754723232,-0.00260176818193,-0.00951724707565,0.081173873076,False,x
melissa_doug_farm_fresh_fruit_apple,-0.0694728218833,0.996824539801,-0.0389148284002,0.971295681973,0.0586943705373,-0.230520430867,-0.227504341057,-0.0538127096239,-0.972289034744,-0.00260176818193,-0.00951724707565,0.081173873076,False,x
melissa_doug_farm_fresh_fruit_apple,0.0694728218833,-0.996824539801,0.0389148284002,-0.99604523231,-0.0671471501248,0.058182088497,-0.055384313766,-0.0428030031651,-0.99754723232,-0.00232025078213,-0.0135565741807,0.0813315635369,False,x
melissa_doug_farm_fresh_fruit_apple,-0.0694728218833,0.996824539801,-0.0389148284002,0.99604523231,0.0671471501248,-0.058182088497,-0.055384313766,-0.0428030031651,-0.99754723232,-0.00232025078213,-0.0135565741807,0.0813315635369,False,x
melissa_doug_farm_fresh_fruit_apple,0.0694728218833,-0.996824539801,0.0389148284002,-0.99604523231,-0.0671471501248,0.058182088497,-0.055384313766,-0.0428030031651,-0.99754723232,0.016330981774,0.00799230170921,0.0793714134252,False,x
melissa_doug_farm_fresh_fruit_apple,-0.0694728218833,0.996824539801,-0.0389148284002,0.99604523231,0.0671471501248,-0.058182088497,-0.055384313766,-0.0428030031651,-0.99754723232,0.016330981774,0.00799230170921,0.0793714134252,False,x
melissa_doug_farm_fresh_fruit_banana,-0.981280544676,-0.188040561792,0.0415841287166,-0.185575550415,0.980985126033,0.0568321879757,-0.0514801683049,0.0480513227969,-0.997517349548,-0.000532317939182,-0.00507032219585,0.044964919364,False,x
melissa_doug_farm_fresh_fruit_banana,-0.981280544676,-0.188040561792,0.0415841287166,-0.185575550415,0.980985126033,0.0568321879757,-0.0514801683049,0.0480513227969,-0.997517349548,-0.00282833402517,0.00706682423565,0.0456680702775,False,x
melissa_doug_farm_fresh_fruit_banana,0.981280544676,0.188040561792,-0.0415841287166,0.185575550415,-0.980985126033,-0.0568321879757,-0.0514801683049,0.0480513227969,-0.997517349548,-0.00282833402517,0.00706682423565,0.0456680702775,False,x
melissa_doug_farm_fresh_fruit_banana,0.725329040334,0.670265242062,0.156978624445,0.684888672093,-0.725624488795,-0.0663069234637,0.069464308009,0.155607218807,-0.985373585686,-0.0162096613075,-0.000202677155109,0.0458112011336,True,x
melissa_doug_farm_fresh_fruit_banana,-0.981280544676,-0.188040561792,0.0415841287166,-0.185575550415,0.980985126033,0.0568321879757,-0.0514801683049,0.0480513227969,-0.997517349548,0.00176369814681,-0.0172074686273,0.0442617684505,False,x
melissa_doug_farm_fresh_fruit_banana,0.981280544676,0.188040561792,-0.0415841287166,0.185575550415,-0.980985126033,-0.0568321879757,-0.0514801683049,0.0480513227969,-0.997517349548,0.0148399848861,0.0104525640549,0.0449193326695,False,x
melissa_doug_farm_fresh_fruit_banana,0.981280544676,0.188040561792,-0.0415841287166,0.173816803406,-0.957737733069,-0.229185849279,-0.082922925022,0.217667594687,-0.972494013724,0.0148399848861,0.0104525640549,0.0449193326695,False,x
melissa_doug_farm_fresh_fruit_banana,-0.981280544676,-0.188040561792,0.0415841287166,-0.185575550415,0.980985126033,0.0568321879757,-0.0514801683049,0.0480513227969,-0.997517349548,-0.00512435011116,0.0192039706671,0.046371221191,False,x
melissa_doug_farm_fresh_fruit_banana,0.981280544676,0.188040561792,-0.0415841287166,0.185575550415,-0.980985126033,-0.0568321879757,-0.0514801683049,0.0480513227969,-0.997517349548,-0.00512435011116,0.0192039706671,0.046371221191,True,x
melissa_doug_farm_fresh_fruit_banana,-0.308803187956,0.94942753234,-0.0568150679203,0.928888613745,0.288203508377,-0.2326041294,-0.204466462686,-0.124603766371,-0.970910586534,-0.0147162008427,-0.0181014194804,0.0489977268628,True,x
melissa_doug_farm_fresh_fruit_banana,0.725329040334,0.670265242062,0.156978624445,0.662421323729,-0.741621532319,0.10580875517,0.187338658899,0.0272398253556,-0.981917623223,0.0122205471064,0.0260692345771,0.0519641810383,True,x
melissa_doug_farm_fresh_fruit_banana,0.725329040334,0.670265242062,0.156978624445,0.684888672093,-0.725624488795,-0.0663069234637,0.069464308009,0.155607218807,-0.985373585686,0.0122205471064,0.0260692345771,0.0519641810383,True,x
melissa_doug_farm_fresh_fruit_banana,0.981280544676,0.188040561792,-0.0415841287166,0.185575550415,-0.980985126033,-0.0568321879757,-0.0514801683049,0.0480513227969,-0.997517349548,-0.0236225732721,0.00308207140298,0.0465492762956,False,x
melissa_doug_farm_fresh_fruit_banana,0.981280544676,0.188040561792,-0.0415841287166,0.173816803406,-0.957737733069,-0.229185849279,-0.082922925022,0.217667594687,-0.972494013724,-0.0236225732721,0.00308207140298,0.0465492762956,False,x
melissa_doug_farm_fresh_fruit_banana,-0.308803187956,0.94942753234,-0.0568150679203,0.928888613745,0.288203508377,-0.2326041294,-0.204466462686,-0.124603766371,-0.970910586534,-0.0220557796952,-0.0203786487887,0.0508356397449,True,x
melissa_doug_farm_fresh_fruit_banana,-0.308803187956,0.94942753234,-0.0568150679203,0.928888613745,0.288203508377,-0.2326041294,-0.204466462686,-0.124603766371,-0.970910586534,0.00406199452842,-0.0261496131943,0.0460760613941,True,x
melissa_doug_farm_fresh_fruit_banana,-0.308803187956,0.94942753234,-0.0568150679203,0.928888613745,0.288203508377,-0.2326041294,-0.204466462686,-0.124603766371,-0.970910586534,-0.0032775843241,-0.0284268425025,0.0479139742761,True,x
melissa_doug_farm_fresh_fruit_banana,-0.308803187956,0.94942753234,-0.0568150679203,0.928888613745,0.288203508377,-0.2326041294,-0.204466462686,-0.124603766371,-0.970910586534,0.0114015733809,-0.023872383886,0.0442381485121,True,x
melissa_doug_farm_fresh_fruit_banana,-0.308803187956,0.94942753234,-0.0568150679203,0.928888613745,0.288203508377,-0.2326041294,-0.204466462686,-0.124603766371,-0.970910586534,-0.0106171631766,-0.0307040718107,0.0497518871581,True,x
melissa_doug_farm_fresh_fruit_banana,-0.981280544676,-0.188040561792,0.0415841287166,-0.185575550415,0.980985126033,0.0568321879757,-0.0514801683049,0.0480513227969,-0.997517349548,0.0252371045096,0.0124449404713,0.0444787296604,False,x
melissa_doug_farm_fresh_fruit_banana,0.981280544676,0.188040561792,-0.0415841287166,0.185575550415,-0.980985126033,-0.0568321879757,-0.0514801683049,0.0480513227969,-0.997517349548,0.0252371045096,0.0124449404713,0.0444787296604,False,x
melissa_doug_farm_fresh_fruit_banana,-0.981280544676,-0.188040561792,0.0415841287166,-0.185575550415,0.980985126033,0.0568321879757,-0.0514801683049,0.0480513227969,-0.997517349548,0.0275331205956,0.000307794039781,0.0437755787469,False,x
melissa_doug_farm_fresh_fruit_banana,0.981280544676,0.188040561792,-0.0415841287166,0.185575550415,-0.980985126033,-0.0568321879757,-0.0514801683049,0.0480513227969,-0.997517349548,0.0275331205956,0.000307794039781,0.0437755787469,False,x
melissa_doug_farm_fresh_fruit_banana,-0.981280544676,-0.188040561792,0.0415841287166,-0.185575550415,0.980985126033,0.0568321879757,-0.0514801683049,0.0480513227969,-0.997517349548,-0.00742036619714,0.0313411170986,0.0470743721044,False,x
melissa_doug_farm_fresh_fruit_banana,0.981280544676,0.188040561792,-0.0415841287166,0.185575550415,-0.980985126033,-0.0568321879757,-0.0514801683049,0.0480513227969,-0.997517349548,-0.00742036619714,0.0313411170986,0.0470743721044,True,x
melissa_doug_farm_fresh_fruit_banana,-0.308803187956,0.94942753234,-0.0568150679203,0.928888613745,0.288203508377,-0.2326041294,-0.204466462686,-0.124603766371,-0.970910586534,-0.0179567420291,-0.032981301119,0.0515898000401,True,x
melissa_doug_farm_fresh_fruit_banana,0.981280544676,0.188040561792,-0.0415841287166,0.185575550415,-0.980985126033,-0.0568321879757,-0.0514801683049,0.0480513227969,-0.997517349548,0.0229410884236,0.0245820869028,0.0451818805739,True,x
melissa_doug_farm_fresh_fruit_banana,-0.725329040334,-0.670265242062,-0.156978624445,-0.662421323729,0.741621532319,-0.10580875517,0.187338658899,0.0272398253556,-0.981917623223,-0.0250820948947,-0.0204147116931,0.0435577309361,False,x
melissa_doug_farm_fresh_fruit_lemon,0.413084713953,0.910289931368,-0.0270787730339,0.910332219737,-0.411902244598,0.0403954280204,0.0256177440067,-0.0413374133925,-0.998816774712,-0.00423993775815,-0.00281465753195,0.0613815810262,True,x
melissa_doug_farm_fresh_fruit_lemon,0.413084713953,0.910289931368,-0.0270787730339,0.900950702376,-0.412822690468,-0.133660982051,-0.132848978116,0.0308166689529,-0.990657096037,-0.00423993775815,-0.00281465753195,0.0613815810262,False,x
melissa_doug_farm_fresh_fruit_lemon,-0.413084713953,-0.910289931368,0.0270787730339,-0.910332219737,0.411902244598,-0.0403954280204,0.0256177440067,-0.0413374133925,-0.998816774712,-0.00565888072761,-0.00594149678467,0.0614745964134,False,x
melissa_doug_farm_fresh_fruit_lemon,0.413084713953,0.910289931368,-0.0270787730339,0.910332219737,-0.411902244598,0.0403954280204,0.0256177440067,-0.0413374133925,-0.998816774712,-0.00565888072761,-0.00594149678467,0.0614745964134,True,x
melissa_doug_farm_fresh_fruit_lemon,0.413084713953,0.910289931368,-0.0270787730339,0.910332219737,-0.411902244598,0.0403954280204,0.0256177440067,-0.0413374133925,-0.998816774712,0.00143583411971,0.00969269947895,0.0610095194773,False,x
melissa_doug_farm_fresh_fruit_lemon,-0.413084713953,-0.910289931368,0.0270787730339,-0.910332219737,0.411902244598,-0.0403954280204,0.0256177440067,-0.0413374133925,-0.998816774712,0.00143583411971,0.00969269947895,0.0610095194773,False,x
melissa_doug_farm_fresh_fruit_lemon,0.413084713953,0.910289931368,-0.0270787730339,0.900950702376,-0.412822690468,-0.133660982051,-0.132848978116,0.0308166689529,-0.990657096037,0.00143583411971,0.00969269947895,0.0610095194773,False,x
melissa_doug_farm_fresh_fruit_lemon,-0.413084713953,-0.910289931368,0.0270787730339,-0.910332219737,0.411902244598,-0.0403954280204,0.0256177440067,-0.0413374133925,-0.998816774712,0.00776566230672,-0.0120157620789,0.0620703021899,False,x
melissa_doug_farm_fresh_fruit_lemon,0.413084713953,0.910289931368,-0.0270787730339,0.910332219737,-0.411902244598,0.0403954280204,0.0256177440067,-0.0413374133925,-0.998816774712,0.00776566230672,-0.0120157620789,0.0620703021899,False,x
melissa_doug_farm_fresh_fruit_lemon,-0.413084713953,-0.910289931368,0.0270787730339,-0.910332219737,0.411902244598,-0.0403954280204,0.0256177440067,-0.0413374133925,-0.998816774712,0.014860377154,0.00361843418474,0.0616052252539,False,x
melissa_doug_farm_fresh_fruit_lemon,0.413084713953,0.910289931368,-0.0270787730339,0.910332219737,-0.411902244598,0.0403954280204,0.0256177440067,-0.0413374133925,-0.998816774712,0.014860377154,0.00361843418474,0.0616052252539,False,x
melissa_doug_farm_fresh_fruit_lemon,0.413084713953,0.910289931368,-0.0270787730339,0.900950702376,-0.412822690468,-0.133660982051,-0.132848978116,0.0308166689529,-0.990657096037,-0.00991570963601,-0.0153220145428,0.061753642575,False,x
melissa_doug_farm_fresh_fruit_lemon,-0.413084713953,-0.910289931368,0.0270787730339,-0.910332219737,0.411902244598,-0.0403954280204,0.0256177440067,-0.0413374133925,-0.998816774712,-0.0119887089146,0.0157669647732,0.0604138137008,False,x
melissa_doug_farm_fresh_fruit_lemon,0.413084713953,0.910289931368,-0.0270787730339,0.910332219737,-0.411902244598,0.0403954280204,0.0256177440067,-0.0413374133925,-0.998816774712,-0.0119887089146,0.0157669647732,0.0604138137008,True,x
melissa_doug_farm_fresh_fruit_lemon,0.413084713953,0.910289931368,-0.0270787730339,0.910332219737,-0.411902244598,0.0403954280204,0.0256177440067,-0.0413374133925,-0.998816774712,0.00711160599756,0.0222000564898,0.0606374579285,False,x
melissa_doug_farm_fresh_fruit_lemon,0.413084713953,0.910289931368,-0.0270787730339,0.900950702376,-0.412822690468,-0.133660982051,-0.132848978116,0.0308166689529,-0.990657096037,0.00711160599756,0.0222000564898,0.0606374579285,False,x
melissa_doug_farm_fresh_fruit_lemon,-0.413084713953,-0.910289931368,0.0270787730339,-0.910332219737,0.411902244598,-0.0403954280204,0.0256177440067,-0.0413374133925,-0.998816774712,0.000670947459404,-0.0276499583425,0.0625353791259,False,x
melissa_doug_farm_fresh_fruit_lemon,-0.413084713953,-0.910289931368,0.0270787730339,-0.910332219737,0.411902244598,-0.0403954280204,0.0256177440067,-0.0413374133925,-0.998816774712,0.0211902053411,-0.0180900273731,0.0626660079664,False,x
melissa_doug_farm_fresh_fruit_lemon,0.413084713953,0.910289931368,-0.0270787730339,0.910332219737,-0.411902244598,0.0403954280204,0.0256177440067,-0.0413374133925,-0.998816774712,0.0211902053411,-0.0180900273731,0.0626660079664,False,x
melissa_doug_farm_fresh_fruit_lemon,-0.413084713953,-0.910289931368,0.0270787730339,-0.910332219737,0.411902244598,-0.0403954280204,0.0256177440067,-0.0413374133925,-0.998816774712,0.00853054896703,0.0253268957426,0.0605444425413,False,x
melissa_doug_farm_fresh_fruit_lemon,0.413084713953,0.910289931368,-0.0270787730339,0.910332219737,-0.411902244598,0.0403954280204,0.0256177440067,-0.0413374133925,-0.998816774712,0.00853054896703,0.0253268957426,0.0605444425413,False,x
melissa_doug_farm_fresh_fruit_lemon,-0.413084713953,-0.910289931368,0.0270787730339,-0.910332219737,0.411902244598,-0.0403954280204,0.0256177440067,-0.0413374133925,-0.998816774712,0.0282849201884,-0.00245583110947,0.0622009310304,True,x
melissa_doug_farm_fresh_fruit_lemon,0.413084713953,0.910289931368,-0.0270787730339,0.910332219737,-0.411902244598,0.0403954280204,0.0256177440067,-0.0413374133925,-0.998816774712,0.0282849201884,-0.00245583110947,0.0622009310304,False,x
melissa_doug_farm_fresh_fruit_lemon,-0.413084713953,-0.910289931368,0.0270787730339,-0.910332219737,0.411902244598,-0.0403954280204,0.0256177440067,-0.0413374133925,-0.998816774712,0.0219550920014,0.0192526304484,0.0611401483178,True,x
melissa_doug_farm_fresh_fruit_lemon,0.413084713953,0.910289931368,-0.0270787730339,0.910332219737,-0.411902244598,0.0403954280204,0.0256177440067,-0.0413374133925,-0.998816774712,0.0219550920014,0.0192526304484,0.0611401483178,False,x
melissa_doug_farm_fresh_fruit_lemon,-0.413084713953,-0.910289931368,0.0270787730339,-0.910332219737,0.411902244598,-0.0403954280204,0.0256177440067,-0.0413374133925,-0.998816774712,-0.00489399406731,0.0314011610368,0.0599487367648,False,x
melissa_doug_farm_fresh_fruit_lemon,0.413084713953,0.910289931368,-0.0270787730339,0.910332219737,-0.411902244598,0.0403954280204,0.0256177440067,-0.0413374133925,-0.998816774712,-0.00489399406731,0.0314011610368,0.0599487367648,False,x
melissa_doug_farm_fresh_fruit_lemon,-0.413084713953,-0.910289931368,0.0270787730339,-0.910332219737,0.411902244598,-0.0403954280204,0.0256177440067,-0.0413374133925,-0.998816774712,0.0140954904937,-0.0337242236367,0.0631310849025,False,x
melissa_doug_farm_fresh_fruit_lemon,-0.413084713953,-0.910289931368,0.0270787730339,-0.910332219737,0.411902244598,-0.0403954280204,0.0256177440067,-0.0413374133925,-0.998816774712,0.0353796350357,0.0131783651542,0.0617358540943,False,x
melissa_doug_farm_fresh_fruit_lemon,0.413084713953,0.910289931368,-0.0270787730339,0.910332219737,-0.411902244598,0.0403954280204,0.0256177440067,-0.0413374133925,-0.998816774712,0.0353796350357,0.0131783651542,0.0617358540943,False,x
melissa_doug_farm_fresh_fruit_lemon,0.413084713953,0.910289931368,-0.0270787730339,0.910332219737,-0.411902244598,0.0403954280204,0.0256177440067,-0.0413374133925,-0.998816774712,0.0127873778754,0.0347074135007,0.0602653963797,False,x
melissa_doug_farm_fresh_fruit_lemon,0.413084713953,0.910289931368,-0.0270787730339,0.900950702376,-0.412822690468,-0.133660982051,-0.132848978116,0.0308166689529,-0.990657096037,0.0127873778754,0.0347074135007,0.0602653963797,False,x
melissa_doug_farm_fresh_fruit_lemon,-0.413084713953,-0.910289931368,0.0270787730339,-0.910332219737,0.411902244598,-0.0403954280204,0.0256177440067,-0.0413374133925,-0.998816774712,-0.0183185371017,0.037475426331,0.0593530309882,False,x
melissa_doug_farm_fresh_fruit_orange,-0.996557143201,0.0346701307553,0.0753116350148,0.0277424603495,0.995449732459,-0.0911602218175,-0.0781294837366,-0.0887570401797,-0.992984376307,-0.00127974336535,-0.0075101554366,0.0778106823355,False,x
melissa_doug_farm_fresh_fruit_orange,0.996557143201,-0.0346701307553,-0.0753116350148,-0.0277424603495,-0.995449732459,0.0911602218175,-0.0781294837366,-0.0887570401797,-0.992984376307,-0.00127974336535,-0.0075101554366,0.0778106823355,False,x
melissa_doug_farm_fresh_fruit_orange,0.996557143201,-0.0346701307553,-0.0753116350148,-0.0277424603495,-0.995449732459,0.0911602218175,-0.0781294837366,-0.0887570401797,-0.992984376307,-0.000752743814374,0.0113995431054,0.0760789903602,False,x
melissa_doug_farm_fresh_fruit_orange,-0.996557143201,0.0346701307553,0.0753116350148,0.0277424603495,0.995449732459,-0.0911602218175,-0.0781294837366,-0.0887570401797,-0.992984376307,-0.000752743814374,0.0113995431054,0.0760789903602,False,x
melissa_doug_farm_fresh_fruit_orange,0.996557143201,-0.0346701307553,-0.0753116350148,-0.0408880325127,-0.995739112542,-0.0826546341853,-0.072125093639,0.0854494106971,-0.993728518801,-0.000752743814374,0.0113995431054,0.0760789903602,False,x
melissa_doug_farm_fresh_fruit_orange,-0.996557143201,0.0346701307553,0.0753116350148,0.0277424603495,0.995449732459,-0.0911602218175,-0.0781294837366,-0.0887570401797,-0.992984376307,-0.020502709002,-0.00684139024167,0.0792633967953,False,x
melissa_doug_farm_fresh_fruit_orange,0.996557143201,-0.0346701307553,-0.0753116350148,-0.0277424603495,-0.995449732459,0.0911602218175,-0.0781294837366,-0.0887570401797,-0.992984376307,-0.020502709002,-0.00684139024167,0.0792633967953,False,x
melissa_doug_farm_fresh_fruit_orange,0.996557143201,-0.0346701307553,-0.0753116350148,-0.0277424603495,-0.995449732459,0.0911602218175,-0.0781294837366,-0.0887570401797,-0.992984376307,-0.0161311163237,0.0119345552613,0.077241161928,False,x
melissa_doug_farm_fresh_fruit_orange,0.996557143201,-0.0346701307553,-0.0753116350148,-0.0408880325127,-0.995739112542,-0.0826546341853,-0.072125093639,0.0854494106971,-0.993728518801,-0.0161311163237,0.0119345552613,0.077241161928,False,x
melissa_doug_farm_fresh_fruit_peach,-0.653586017913,-0.756685136845,-0.0159034859819,-0.756132779561,0.653736543236,-0.0298622121069,0.0329929820058,-0.00749237723682,-0.999427499833,0.00127122751768,-0.00843294599652,0.062954507848,False,x
melissa_doug_farm_fresh_fruit_peach,0.653586017913,0.756685136845,0.0159034859819,0.756132779561,-0.653736543236,0.0298622121069,0.0329929820058,-0.00749237723682,-0.999427499833,0.00127122751768,-0.00843294599652,0.062954507848,False,x
melissa_doug_farm_fresh_fruit_pear,0.814997546326,-0.47467085166,0.33236513365,-0.431728602424,-0.879980055982,-0.198104807924,0.386509266812,0.0179633977287,-0.92211056984,0.001868350788,0.0101365395504,0.109845986412,False,x
melissa_doug_farm_fresh_fruit_pear,-0.814997546326,0.47467085166,-0.33236513365,0.431728602424,0.879980055982,0.198104807924,0.386509266812,0.0179633977287,-0.92211056984,0.001868350788,0.0101365395504,0.109845986412,False,x
melissa_doug_farm_fresh_fruit_pear,0.814997546326,-0.47467085166,0.33236513365,-0.431728602424,-0.879980055982,-0.198104807924,0.386509266812,0.0179633977287,-0.92211056984,0.0167559122772,0.00146572633991,0.115917300843,False,x
melissa_doug_farm_fresh_fruit_pear,-0.814997546326,0.47467085166,-0.33236513365,0.431728602424,0.879980055982,0.198104807924,0.386509266812,0.0179633977287,-0.92211056984,0.0167559122772,0.00146572633991,0.115917300843,False,x
melissa_doug_farm_fresh_fruit_pear,0.386509266812,0.0179633977287,-0.92211056984,-0.431728602424,-0.879980055982,-0.198104807924,-0.814997546326,0.47467085166,-0.33236513365,0.0227634463429,-0.000817810929748,0.112968573662,False,x
melissa_doug_farm_fresh_fruit_pear,-0.386509266812,-0.0179633977287,0.92211056984,0.431728602424,0.879980055982,0.198104807924,-0.814997546326,0.47467085166,-0.33236513365,0.0227634463429,-0.000817810929748,0.112968573662,False,x
melissa_doug_farm_fresh_fruit_pear,0.814997546326,-0.47467085166,0.33236513365,-0.431728602424,-0.879980055982,-0.198104807924,0.386509266812,0.0179633977287,-0.92211056984,0.0244872340496,0.0172242582692,0.119464927769,False,x
melissa_doug_farm_fresh_fruit_pear,-0.814997546326,0.47467085166,-0.33236513365,0.431728602424,0.879980055982,0.198104807924,0.386509266812,0.0179633977287,-0.92211056984,0.0244872340496,0.0172242582692,0.119464927769,False,x
melissa_doug_farm_fresh_fruit_pear,0.814997546326,-0.47467085166,0.33236513365,-0.431728602424,-0.879980055982,-0.198104807924,0.386509266812,0.0179633977287,-0.92211056984,0.00959967256041,0.0258950714798,0.113393613338,False,x
melissa_doug_farm_fresh_fruit_pear,0.386509266812,0.0179633977287,-0.92211056984,-0.431728602424,-0.879980055982,-0.198104807924,-0.814997546326,0.47467085166,-0.33236513365,0.0304947681153,0.0149407209996,0.116516200588,False,x
melissa_doug_farm_fresh_fruit_pear,-0.386509266812,-0.0179633977287,0.92211056984,0.431728602424,0.879980055982,0.198104807924,-0.814997546326,0.47467085166,-0.33236513365,0.0304947681153,0.0149407209996,0.116516200588,False,x
melissa_doug_farm_fresh_fruit_pear,-0.814997546326,0.47467085166,-0.33236513365,0.431728602424,0.879980055982,0.198104807924,0.386509266812,0.0179633977287,-0.92211056984,-0.0130192107012,0.018807352761,0.103774671981,False,x
melissa_doug_farm_fresh_fruit_pear,0.386509266812,0.0179633977287,-0.92211056984,0.814997546326,-0.47467085166,0.33236513365,-0.431728602424,-0.879980055982,-0.198104807924,0.0285784233958,0.0217139755378,0.11584489896,False,x
melissa_doug_farm_fresh_fruit_pear,-0.386509266812,-0.0179633977287,0.92211056984,-0.814997546326,0.47467085166,-0.33236513365,-0.431728602424,-0.879980055982,-0.198104807924,0.0285784233958,0.0217139755378,0.11584489896,False,x
melissa_doug_farm_fresh_fruit_pear,0.386509266812,0.0179633977287,-0.92211056984,0.814997546326,-0.47467085166,0.33236513365,-0.431728602424,-0.879980055982,-0.198104807924,0.0136908619066,0.0303847887483,0.109773584529,False,x
melissa_doug_farm_fresh_fruit_pear,-0.386509266812,-0.0179633977287,0.92211056984,-0.814997546326,0.47467085166,-0.33236513365,-0.431728602424,-0.879980055982,-0.198104807924,0.0136908619066,0.0303847887483,0.109773584529,False,x
melissa_doug_farm_fresh_fruit_pear,-0.386509266812,-0.0179633977287,0.92211056984,0.283646836141,0.94903691001,0.137380550975,-0.877584787366,0.314652601739,-0.361716299333,0.0186968246386,-0.0164060223247,0.100677925654,False,x
melissa_doug_farm_fresh_fruit_pear,0.814997546326,-0.47467085166,0.33236513365,-0.431728602424,-0.879980055982,-0.198104807924,0.386509266812,0.0179633977287,-0.92211056984,-0.00528788892883,0.0345658846903,0.107322298908,False,x
melissa_doug_farm_fresh_fruit_pear,-0.814997546326,0.47467085166,-0.33236513365,0.431728602424,0.879980055982,0.198104807924,0.386509266812,0.0179633977287,-0.92211056984,-0.00528788892883,0.0345658846903,0.107322298908,False,x
melissa_doug_farm_fresh_fruit_pear,0.386509266812,0.0179633977287,-0.92211056984,0.814997546326,-0.47467085166,0.33236513365,-0.431728602424,-0.879980055982,-0.198104807924,-0.00119669958265,0.0390556019588,0.103702270098,False,x
melissa_doug_farm_fresh_fruit_pear,-0.386509266812,-0.0179633977287,0.92211056984,-0.814997546326,0.47467085166,-0.33236513365,-0.431728602424,-0.879980055982,-0.198104807924,-0.00119669958265,0.0390556019588,0.103702270098,False,x
melissa_doug_farm_fresh_fruit_pear,0.386509266812,0.0179633977287,-0.92211056984,-0.431728602424,-0.879980055982,-0.198104807924,-0.814997546326,0.47467085166,-0.33236513365,0.0319251965131,-0.000392009593715,0.0911110209575,False,x
melissa_doug_farm_fresh_fruit_pear,0.814997546326,-0.47467085166,0.33236513365,-0.431728602424,-0.879980055982,-0.198104807924,0.386509266812,0.0179633977287,-0.92211056984,-0.0201754504181,0.0432366979008,0.101250984477,False,x
melissa_doug_farm_fresh_fruit_pear,-0.814997546326,0.47467085166,-0.33236513365,0.431728602424,0.879980055982,0.198104807924,0.386509266812,0.0179633977287,-0.92211056984,-0.0201754504181,0.0432366979008,0.101250984477,False,x
melissa_doug_farm_fresh_fruit_pear,0.386509266812,0.0179633977287,-0.92211056984,-0.431728602424,-0.879980055982,-0.198104807924,-0.814997546326,0.47467085166,-0.33236513365,0.0396565182855,0.0153665223356,0.0946586478836,False,x
melissa_doug_farm_fresh_fruit_pear,0.386509266812,0.0179633977287,-0.92211056984,0.814997546326,-0.47467085166,0.33236513365,-0.431728602424,-0.879980055982,-0.198104807924,0.037740173566,0.0221397768738,0.093987346255,False,x
melissa_doug_farm_fresh_fruit_pear,-0.386509266812,-0.0179633977287,0.92211056984,-0.814997546326,0.47467085166,-0.33236513365,-0.431728602424,-0.879980055982,-0.198104807924,0.037740173566,0.0221397768738,0.093987346255,False,x
melissa_doug_farm_fresh_fruit_pear,0.386509266812,0.0179633977287,-0.92211056984,0.814997546326,-0.47467085166,0.33236513365,-0.431728602424,-0.879980055982,-0.198104807924,0.0228526120768,0.0308105900843,0.0879160318242,False,x
melissa_doug_farm_fresh_fruit_pear,0.386509266812,0.0179633977287,-0.92211056984,-0.814997546326,0.47467085166,-0.33236513365,0.431728602424,0.879980055982,0.198104807924,-0.00666414971803,-0.0501199527393,0.099673343176,False,x
melissa_doug_farm_fresh_fruit_pear,0.386509266812,0.0179633977287,-0.92211056984,0.814997546326,-0.47467085166,0.33236513365,-0.431728602424,-0.879980055982,-0.198104807924,-0.0160842610719,0.0477264151694,0.0976309556671,False,x
melissa_doug_farm_fresh_fruit_pear,-0.386509266812,-0.0179633977287,0.92211056984,-0.814997546326,0.47467085166,-0.33236513365,-0.431728602424,-0.879980055982,-0.198104807924,-0.0160842610719,0.0477264151694,0.0976309556671,False,x
melissa_doug_farm_fresh_fruit_pear,0.386509266812,0.0179633977287,-0.92211056984,-0.814997546326,0.47467085166,-0.33236513365,0.431728602424,0.879980055982,0.198104807924,-0.0215517112073,-0.0414491395288,0.0936020287451,False,x
melissa_doug_farm_fresh_fruit_pear,0.386509266812,0.0179633977287,-0.92211056984,-0.814997546326,0.47467085166,-0.33236513365,0.431728602424,0.879980055982,0.198104807924,-0.0364392726965,-0.0327783263183,0.0875307143143,False,x
melissa_doug_farm_fresh_fruit_pear,0.814997546326,-0.47467085166,0.33236513365,-0.431728602424,-0.879980055982,-0.198104807924,0.386509266812,0.0179633977287,-0.92211056984,-0.0350630119073,0.0519075111113,0.0951796700459,False,x
melissa_doug_farm_fresh_fruit_pear,-0.814997546326,0.47467085166,-0.33236513365,0.431728602424,0.879980055982,0.198104807924,0.386509266812,0.0179633977287,-0.92211056984,-0.0350630119073,0.0519075111113,0.0951796700459,False,x
melissa_doug_farm_fresh_fruit_pear,0.386509266812,0.0179633977287,-0.92211056984,-0.814997546326,0.47467085166,-0.33236513365,0.431728602424,0.879980055982,0.198104807924,0.00249760045215,-0.0496941514033,0.0778157904714,False,x
melissa_doug_farm_fresh_fruit_pear,0.386509266812,0.0179633977287,-0.92211056984,0.814997546326,-0.47467085166,0.33236513365,-0.431728602424,-0.879980055982,-0.198104807924,-0.0309718225611,0.0563972283799,0.0915596412363,False,x
melissa_doug_farm_fresh_fruit_pear,-0.386509266812,-0.0179633977287,0.92211056984,-0.814997546326,0.47467085166,-0.33236513365,-0.431728602424,-0.879980055982,-0.198104807924,-0.0309718225611,0.0563972283799,0.0915596412363,False,x
melissa_doug_farm_fresh_fruit_plum,0.000765209303152,-0.999780359137,0.0209439236503,-0.99999910503,-0.000742056089688,0.00111323526829,-0.00109744919025,-0.0209447567641,-0.999780032192,0.00160411858722,-0.00058718893735,0.057869465536,False,x
melissa_doug_farm_fresh_fruit_plum,-0.000765209303152,0.999780359137,-0.0209439236503,0.99999910503,0.000742056089688,-0.00111323526829,-0.00109744919025,-0.0209447567641,-0.999780032192,0.00160411858722,-0.00058718893735,0.057869465536,True,x
melissa_doug_farm_fresh_fruit_plum,-0.000765209303152,0.999780359137,-0.0209439236503,0.99999910503,0.000742056089688,-0.00111323526829,-0.00109744919025,-0.0209447567641,-0.999780032192,0.00160183825615,0.00239216614155,0.0578070524422,False,x
melissa_doug_farm_fresh_fruit_plum,-0.000765209303152,0.999780359137,-0.0209439236503,0.984616301586,-0.00290623625347,-0.174706303381,-0.174728798728,-0.020755415534,-0.984397815734,0.00160183825615,0.00239216614155,0.0578070524422,True,x
melissa_doug_farm_fresh_fruit_plum,-0.000765209303152,0.999780359137,-0.0209439236503,0.99999910503,0.000742056089688,-0.00111323526829,-0.00109744919025,-0.0209447567641,-0.999780032192,0.00161095958046,-0.00952525417406,0.0580567048173,False,x
melissa_doug_farm_fresh_fruit_plum,-0.000765209303152,0.999780359137,-0.0209439236503,0.984616301586,-0.00290623625347,-0.174706303381,-0.174728798728,-0.020755415534,-0.984397815734,0.00161095958046,-0.00952525417406,0.0580567048173,False,x
melissa_doug_farm_fresh_fruit_plum,0.000765209303152,-0.999780359137,0.0209439236503,-0.99999910503,-0.000742056089688,0.00111323526829,-0.00109744919025,-0.0209447567641,-0.999780032192,-0.0130392051395,-0.00059805511462,0.057885767015,False,x
melissa_doug_farm_fresh_fruit_plum,-0.000765209303152,0.999780359137,-0.0209439236503,0.99999910503,0.000742056089688,-0.00111323526829,-0.00109744919025,-0.0209447567641,-0.999780032192,-0.0130392051395,-0.00059805511462,0.057885767015,False,x
melissa_doug_farm_fresh_fruit_plum,-0.000765209303152,0.999780359137,-0.0209439236503,0.99999910503,0.000742056089688,-0.00111323526829,-0.00109744919025,-0.0209447567641,-0.999780032192,0.00159271693183,0.0143095864572,0.0575574000672,False,x
melissa_doug_farm_fresh_fruit_plum,0.000765209303152,-0.999780359137,0.0209439236503,-0.99999910503,-0.000742056089688,0.00111323526829,-0.00109744919025,-0.0209447567641,-0.999780032192,0.00159271693183,0.0143095864572,0.0575574000672,False,x
melissa_doug_farm_fresh_fruit_plum,-0.000765209303152,0.999780359137,-0.0209439236503,0.984616301586,-0.00290623625347,-0.174706303381,-0.174728798728,-0.020755415534,-0.984397815734,0.00159271693183,0.0143095864572,0.0575574000672,False,x
melissa_doug_farm_fresh_fruit_plum,0.000765209303152,-0.999780359137,0.0209439236503,-0.99999910503,-0.000742056089688,0.00111323526829,-0.00109744919025,-0.0209447567641,-0.999780032192,0.00161552024261,-0.0154839643319,0.0581815310048,False,x
melissa_doug_farm_fresh_fruit_plum,-0.000765209303152,0.999780359137,-0.0209439236503,0.99999910503,0.000742056089688,-0.00111323526829,-0.00109744919025,-0.0209447567641,-0.999780032192,0.00161552024261,-0.0154839643319,0.0581815310048,False,x
melissa_doug_farm_fresh_fruit_plum,0.000765209303152,-0.999780359137,0.0209439236503,-0.99999910503,-0.000742056089688,0.00111323526829,-0.00109744919025,-0.0209447567641,-0.999780032192,0.0162474423139,-0.000576322760081,0.057853164057,False,x
melissa_doug_farm_fresh_fruit_plum,-0.000765209303152,0.999780359137,-0.0209439236503,0.99999910503,0.000742056089688,-0.00111323526829,-0.00109744919025,-0.0209447567641,-0.999780032192,0.0162474423139,-0.000576322760081,0.057853164057,False,x
melissa_doug_farm_fresh_fruit_plum,0.000765209303152,-0.999780359137,0.0209439236503,-0.99999910503,-0.000742056089688,0.00111323526829,-0.00109744919025,-0.0209447567641,-0.999780032192,-0.0130506067949,0.0142987202799,0.0575737015462,False,x
melissa_doug_farm_fresh_fruit_plum,-0.000765209303152,0.999780359137,-0.0209439236503,0.99999910503,0.000742056089688,-0.00111323526829,-0.00109744919025,-0.0209447567641,-0.999780032192,-0.0130506067949,0.0142987202799,0.0575737015462,False,x
melissa_doug_farm_fresh_fruit_plum,0.000765209303152,-0.999780359137,0.0209439236503,-0.99999910503,-0.000742056089688,0.00111323526829,-0.00109744919025,-0.0209447567641,-0.999780032192,-0.0130278034841,-0.0154948305091,0.0581978324838,False,x
melissa_doug_farm_fresh_fruit_plum,-0.000765209303152,0.999780359137,-0.0209439236503,0.99999910503,0.000742056089688,-0.00111323526829,-0.00109744919025,-0.0209447567641,-0.999780032192,-0.0130278034841,-0.0154948305091,0.0581978324838,True,x
melissa_doug_farm_fresh_fruit_plum,0.000765209303152,-0.999780359137,0.0209439236503,-0.99999910503,-0.000742056089688,0.00111323526829,-0.00109744919025,-0.0209447567641,-0.999780032192,0.0162360406585,0.0143204526344,0.0575410985882,False,x
melissa_doug_farm_fresh_fruit_plum,-0.000765209303152,0.999780359137,-0.0209439236503,0.99999910503,0.000742056089688,-0.00111323526829,-0.00109744919025,-0.0209447567641,-0.999780032192,0.0162360406585,0.0143204526344,0.0575410985882,False,x
melissa_doug_farm_fresh_fruit_plum,0.000765209303152,-0.999780359137,0.0209439236503,-0.99999910503,-0.000742056089688,0.00111323526829,-0.00109744919025,-0.0209447567641,-0.999780032192,0.0162588439693,-0.0154730981546,0.0581652295258,False,x
melissa_doug_farm_fresh_fruit_plum,-0.000765209303152,0.999780359137,-0.0209439236503,0.99999910503,0.000742056089688,-0.00111323526829,-0.00109744919025,-0.0209447567641,-0.999780032192,0.00158359560752,0.0262270067728,0.0573077476921,False,x
melissa_doug_farm_fresh_fruit_plum,-0.000765209303152,0.999780359137,-0.0209439236503,0.984616301586,-0.00290623625347,-0.174706303381,-0.174728798728,-0.020755415534,-0.984397815734,0.00158359560752,0.0262270067728,0.0573077476921,False,x
melissa_doug_farm_fresh_fruit_plum,0.000765209303152,-0.999780359137,0.0209439236503,-0.99999910503,-0.000742056089688,0.00111323526829,-0.00109744919025,-0.0209447567641,-0.999780032192,-0.0276825288662,-0.00060892129189,0.057902068494,False,x
melissa_doug_farm_fresh_fruit_plum,-0.000765209303152,0.999780359137,-0.0209439236503,0.99999910503,0.000742056089688,-0.00111323526829,-0.00109744919025,-0.0209447567641,-0.999780032192,-0.0276825288662,-0.00060892129189,0.057902068494,False,x
melissa_doug_farm_fresh_fruit_plum,0.000765209303152,-0.999780359137,0.0209439236503,-0.99999910503,-0.000742056089688,0.00111323526829,-0.00109744919025,-0.0209447567641,-0.999780032192,0.00158131527645,0.0292063618517,0.0572453345984,False,x
melissa_doug_farm_fresh_fruit_plum,-0.000765209303152,0.999780359137,-0.0209439236503,0.99999910503,0.000742056089688,-0.00111323526829,-0.00109744919025,-0.0209447567641,-0.999780032192,0.00158131527645,0.0292063618517,0.0572453345984,False,x
melissa_doug_farm_fresh_fruit_plum,0.000765209303152,-0.999780359137,0.0209439236503,-0.99999910503,-0.000742056089688,0.00111323526829,-0.00109744919025,-0.0209447567641,-0.999780032192,0.0308907660406,-0.000565456582811,0.057836862578,False,x
melissa_doug_farm_fresh_fruit_plum,0.000765209303152,-0.999780359137,0.0209439236503,-0.99999910503,-0.000742056089688,0.00111323526829,-0.00109744919025,-0.0209447567641,-0.999780032192,-0.0276711272108,-0.0155056966864,0.0582141339629,False,x
melissa_doug_farm_fresh_fruit_plum,-0.000765209303152,0.999780359137,-0.0209439236503,0.99999910503,0.000742056089688,-0.00111323526829,-0.00109744919025,-0.0209447567641,-0.999780032192,-0.0276711272108,-0.0155056966864,0.0582141339629,False,x
melissa_doug_farm_fresh_fruit_plum,0.000765209303152,-0.999780359137,0.0209439236503,-0.99999910503,-0.000742056089688,0.00111323526829,-0.00109744919025,-0.0209447567641,-0.999780032192,-0.0276939305216,0.0142878541026,0.0575900030252,False,x
melissa_doug_farm_fresh_fruit_plum,-0.000765209303152,0.999780359137,-0.0209439236503,0.99999910503,0.000742056089688,-0.00111323526829,-0.00109744919025,-0.0209447567641,-0.999780032192,-0.0276939305216,0.0142878541026,0.0575900030252,True,x
melissa_doug_farm_fresh_fruit_plum,0.000765209303152,-0.999780359137,0.0209439236503,-0.99999910503,-0.000742056089688,0.00111323526829,-0.00109744919025,-0.0209447567641,-0.999780032192,-0.0130620084503,0.0291954956744,0.0572616360774,False,x
melissa_doug_farm_fresh_fruit_plum,-0.000765209303152,0.999780359137,-0.0209439236503,0.99999910503,0.000742056089688,-0.00111323526829,-0.00109744919025,-0.0209447567641,-0.999780032192,-0.0130620084503,0.0291954956744,0.0572616360774,False,x
melissa_doug_farm_fresh_fruit_plum,0.000765209303152,-0.999780359137,0.0209439236503,-0.99999910503,-0.000742056089688,0.00111323526829,-0.00109744919025,-0.0209447567641,-0.999780032192,0.0162246390032,0.0292172280289,0.0572290331193,False,x
melissa_doug_farm_fresh_fruit_plum,-0.000765209303152,0.999780359137,-0.0209439236503,0.99999910503,0.000742056089688,-0.00111323526829,-0.00109744919025,-0.0209447567641,-0.999780032192,0.0162246390032,0.0292172280289,0.0572290331193,False,x
melissa_doug_farm_fresh_fruit_plum,0.000765209303152,-0.999780359137,0.0209439236503,-0.99999910503,-0.000742056089688,0.00111323526829,-0.00109744919025,-0.0209447567641,-0.999780032192,0.030902167696,-0.0154622319773,0.0581489280468,False,x
melissa_doug_farm_fresh_fruit_plum,0.000765209303152,-0.999780359137,0.0209439236503,-0.99999910503,-0.000742056089688,0.00111323526829,-0.00109744919025,-0.0209447567641,-0.999780032192,0.0308793643853,0.0143313188117,0.0575247971092,False,x
melissa_doug_farm_fresh_fruit_plum,-0.000765209303152,0.999780359137,-0.0209439236503,0.99999910503,0.000742056089688,-0.00111323526829,-0.00109744919025,-0.0209447567641,-0.999780032192,0.0308793643853,0.0143313188117,0.0575247971092,False,x
melissa_doug_farm_fresh_fruit_plum,-0.000765209303152,0.999780359137,-0.0209439236503,0.99999910503,0.000742056089688,-0.00111323526829,-0.00109744919025,-0.0209447567641,-0.999780032192,0.00157447428321,0.0381444270884,0.0570580953171,False,x
melissa_doug_farm_fresh_fruit_plum,-0.000765209303152,0.999780359137,-0.0209439236503,0.984616301586,-0.00290623625347,-0.174706303381,-0.174728798728,-0.020755415534,-0.984397815734,0.00157447428321,0.0381444270884,0.0570580953171,False,x
melissa_doug_farm_fresh_fruit_plum,0.000765209303152,-0.999780359137,0.0209439236503,-0.99999910503,-0.000742056089688,0.00111323526829,-0.00109744919025,-0.0209447567641,-0.999780032192,-0.027705332177,0.0291846294971,0.0572779375564,False,x
melissa_doug_farm_fresh_fruit_plum,-0.000765209303152,0.999780359137,-0.0209439236503,0.99999910503,0.000742056089688,-0.00111323526829,-0.00109744919025,-0.0209447567641,-0.999780032192,-0.027705332177,0.0291846294971,0.0572779375564,False,x
melissa_doug_farm_fresh_fruit_plum,0.000765209303152,-0.999780359137,0.0209439236503,-0.99999910503,-0.000742056089688,0.00111323526829,-0.00109744919025,-0.0209447567641,-0.999780032192,0.0308679627299,0.0292280942062,0.0572127316403,True,x
melissa_doug_farm_fresh_fruit_plum,-0.000765209303152,0.999780359137,-0.0209439236503,0.99999910503,0.000742056089688,-0.00111323526829,-0.00109744919025,-0.0209447567641,-0.999780032192,0.0308679627299,0.0292280942062,0.0572127316403,False,x
melissa_doug_farm_fresh_fruit_plum,0.000765209303152,-0.999780359137,0.0209439236503,-0.99999910503,-0.000742056089688,0.00111323526829,-0.00109744919025,-0.0209447567641,-0.999780032192,0.00156991362106,0.0441031372462,0.0569332691295,False,x
melissa_doug_farm_fresh_fruit_plum,-0.000765209303152,0.999780359137,-0.0209439236503,0.99999910503,0.000742056089688,-0.00111323526829,-0.00109744919025,-0.0209447567641,-0.999780032192,0.00156991362106,0.0441031372462,0.0569332691295,False,x
melissa_doug_farm_fresh_fruit_plum,-0.000765209303152,0.999780359137,-0.0209439236503,0.99999910503,0.000742056089688,-0.00111323526829,-0.00109744919025,-0.0209447567641,-0.999780032192,-0.0130734101057,0.0440922710689,0.0569495706085,False,x
